42
7
79
70
45
21
3
41
39
54
97
58
94
40
9
5
63
82
25
56
3
87
64
58
2
47
67
23
47
51
12
32
93
65
27
47
5
46
78
44
17
86
55
82
36
86
17
61
44
59
76
16
66
79
28
95
27
15
2
32
81
92
17
45
58
62
34
95
7
39
99
72
37
71
83
60
19
23
67
36
36
92
10
5
8
71
12
42
49
73
90
84
44
82
50
72
81
19
52
99
35
100
31
79
80
51
18
64
25
88
66
97
21
99
62
38
3
92
21
14
37
93
5
23
49
35
77
29
52
55
59
12
48
2
29
26
1
98
26
85
71
8
11
30
58
89
27
9
73
57
43
87
20
79
44
35
10
50
43
65
15
71
3
69
84
54
70
27
33
96
21
28
81
52
52
53
57
23
58
36
6
67
99
89
57
16
73
54
67
86
9
29
6
43
87
94
30
86
18
22
83
46
31
2
64
98
4
53
93
21
28
25
81
54
99
68
56
68
2
47
47
47
63
12
87
40
42
46
90
2
20
26
86
69
6
45
4
97
82
15
17
33
70
74
10
48
80
36
88
89
97
77
22
8
25
50
59
50
9
16
50
69
10
88
44
21
80
55
70
78
86
49
18
6
21
28
58
35
72
37
86
67
89
3
53
81
12
53
80
23
34
15
79
37
79
39
40
13
48
69
95
38
64
85
37
83
88
66
75
14
81
24
8
9
33
59
62
93
25
34
12
3
40
68
31
66
91
8
81
69
45
13
12
26
40
53
75
39
79
8
44
34
6
24
41
75
33
84
56
10
43
39
39
4
46
56
15
43
33
67
70
99
16
51
84
10
61
80
95
85
12
57
35
11
65
75
74
18
20
79
31
47
58
70
42
66
42
83
1
12
53
36
80
66
52
92
2
58
59
100
57
47
52
91
83
63
64
25
7
99
85
51
86
27
67
53
83
9
25
5
74
35
23
65
82
72
63
69
81
65
23
51
53
18
96
6
54
39
63
43
63
26
79
12
53
39
43
6
95
67
6
90
19
49
67
17
33
51
40
8
95
100
38
51
62
36
52
67
12
88
31
70
56
13
49
75
28
97
61
54
18
33
2
30
93
43
39
9
36
26
25
4
66
31
70
40
93
99
58
96
51
79
2
91
88
13
58
24
78
67
98
32
17
55
99
47
35
26
53
8
67
47
78
50
18
70
79
5
23
89
6
35
89
12
39
50
42
20
56
25
27
77
94
62
34
25
32
79
50
87
81
64
100
68
4
35
8
23
23
90
70
49
13
70
2
71
16
65
88
43
21
97
88
94
56
72
68
62
51
98
45
59
86
41
70
77
93
60
50
82
67
70
54
16
47
60
32
31
2
63
66
39
83
20
79
11
46
94
81
35
42
34
18
13
47
74
72
96
41
96
8
52
52
72
41
68
39
24
95
18
54
91
48
91
40
100
94
45
42
40
99
45
76
74
86
1
69
48
23
49
62
54
75
30
14
68
17
77
36
5
41
98
7
71
29
89
4
4
37
41
46
100
17
33
98
62
70
100
96
69
23
34
90
26
84
53
47
11
69
80
45
98
100
75
26
15
68
20
26
58
88
95
25
16
58
83
75
100
7
44
29
58
43
19
20
51
49
26
20
95
78
23
52
67
100
4
68
99
88
30
61
99
28
52
63
69
57
71
88
60
61
96
54
12
35
29
5
5
85
15
14
3
36
90
16
61
87
81
16
4
37
13
86
4
4
57
9
15
52
81
10
99
5
64
72
33
89
77
44
18
25
74
56
16
94
98
59
58
28
92
34
54
70
98
1
41
81
93
24
42
58
61
73
29
79
84
57
79
52
59
77
62
79
23
27
9
92
79
73
78
10
84
2
88
48
90
100
14
62
65
81
17
55
62
95
68
86
20
25
90
2
34
85
88
13
95
54
24
66
78
40
47
46
74
98
79
10
59
8
62
43
66
21
20
87
24
23
6
77
32
66
74
49
42
55
46
16
79
30
53
96
98
56
75
69
61
29
21
80
3
39
3
30
31
42
44
59
6
74
6
100
72
30
23
44
83
53
67
41
65
52
23
13
93
75
75
54
65
55
80
15
8
86
91
12
78
25
64
59
39
41
74
65
33
99
67
97
84
9
12
30
58
99
94
65
95
97
6
49
31
90
60
90
44
44
90
64
36
38
36
1
10
11
71
42
96
17
31
55
62
68
99
89
78
92
95
53
40
7
79
59
74
61
1
49
12
35
93
74
54
89
44
41
61
99
73
44
64
100
90
