-26
-21
-71
-57
29
53
8
26
-20
47
-1
3
-15
16
63
87
9
-31
45
-73
0
-13
-52
-31
6
-89
-51
30
87
47
17
45
-5
24
27
56
-77
-94
-76
-77
49
34
-7
-99
35
-82
-62
-70
9
-79
-99
-9
-39
-51
-29
-94
-81
79
-4
51
2
48
-74
81
-42
61
51
31
-25
-63
-92
-86
60
-13
-24
1
84
-55
4
-33
-29
82
-45
-1
65
67
-16
77
88
69
22
52
28
38
37
-33
49
-99
49
-29
21
-63
99
-46
85
-77
-48
-73
91
22
9
-77
76
73
-94
7
4
-73
-63
-91
86
-26
-3
-45
-43
68
-14
70
-90
51
94
76
67
28
-32
-59
8
-85
40
4
-76
51
-40
-1
-66
99
-69
-79
-29
-64
-58
16
18
-88
-29
29
77
-28
17
-72
65
-72
54
-21
-98
42
13
-32
6
53
86
-77
-83
88
-18
76
7
-44
-12
-9
-33
70
-73
-78
-83
97
-13
-98
-35
79
-92
2
-7
-36
85
-80
-37
17
7
-24
-15
9
82
95
-76
15
74
51
-91
30
-5
51
22
-42
12
87
-85
-81
52
-16
3
26
27
-30
67
-40
87
62
48
92
56
83
91
79
1
19
-11
-43
-14
1
76
-61
-56
-21
-46
40
33
89
97
23
55
62
65
79
-55
99
-5
-90
-70
-69
-20
78
-94
-77
52
78
-41
92
-60
15
72
49
-55
-83
-58
10
-8
87
64
90
-81
93
-38
17
-24
90
91
-20
-39
-85
-8
8
1
-15
-96
42
79
49
-65
75
23
17
20
23
-17
-65
-72
-63
-36
-25
24
-77
-47
-1
93
-95
99
-61
12
25
98
60
23
-72
-92
-38
-93
-25
-13
-15
59
-49
-81
-92
76
-70
75
-17
-25
17
32
78
15
16
-47
-11
-62
39
22
82
41
17
57
-99
48
-5
18
42
46
-77
23
-34
-86
-60
27