7394
4574
1757
5652
6014
6181
1229
6047
7524
2406
6207
7227
58
2216
4424
2775
9169
8469
4188
5804
1442
8879
882
8508
4765
9267
554
7945
9236
2211
582
3808
2121
5382
5368
3407
218
9565
9605
5046
2211
5610
2096
6168
3168
7494
9936
7636
4432
9145
948
8589
5662
1913
3048
4178
4208
6813
3981
5213
5883
5384
77
5250
9351
6079
981
2776
2851
7194
8756
3101
8253
4532
5504
3033
3165
961
3127
4490
5121
3852
8513
3132
1497
9571
1138
3225
4042
8608
593
4990
5013
5771
6665
6652
8176
4735
1565
9696
9822
6299
9597
9495
1274
4211
3095
3375
1775
7639
3910
1003
1804
7870
5177
9150
3974
1652
4819
8065
8140
5535
2629
8518
4157
9401
3270
6321
5703
3534
7985
5952
8004
9728
8999
6022
3457
6805
399
3342
1142
1503
4566
4526
7797
4984
5437
3102
8981
9213
9066
3012
3836
3596
5498
7186
458
3189
3678
7011
1790
4883
6152
4399
5813
5500
6056
945
1322
6901
5111
8828
5646
4306
9827
3489
4355
2122
1080
4000
7668
2638
8246
4248
240
1003
3328
8666
2300
5150
1168
519
7420
940
9339
523
1535
4845
867
1808
1112
907
4132
2308
7525
1139
8059
2501
612
9599
8027
3411
2727
9192
6483
8620
1202
7
7778
8988
5328
7834
9900
8465
865
9221
1451
1854
1026
6338
5014
9312
7484
8047
5687
5042
9873
7122
953
6406
7794
4366
563
785
6682
5372
960
9672
4697
6867
9657
8781
1544
9233
4480
334
3280
4851
2794
3989
298
176
7947
9899
1057
9050
2676
308
3780
5201
116
1849
1397
9197
3141
4775
6947
5050
2095
4543
718
2599
4796
7282
9083
5084
3990
3517
9694
6625
4182
1282
150
2583
2153
9995
4214
7263
4218
3658
1338
4582
5614
8793
1382
785
9823
9872
9209
69
3830
1958
6655
6280
5143
5919
8066
5523
3059
2905
8569
2982
842
1037
3695
7298
5357
5235
3733
1845
1477
5395
6551
5898
3278
1504
3632
6696
117
9967
5486
5343
6156
7874
2690
1441
2957
141
6078
5097
368
9884
8196
1273
9522
937
5603
8145
6833
5094
2198
6180
8943
5286
898
347
6760
4905
5238
8942
2407
4679
2853
4370
7879
5254
1688
5309
3501
3311
6132
1429
776
8683
7104
485
6793
7533
7652
20
6569
3348
3237
9143
8126
3285
8088
5177
2499
7865
9387
969
3612
2336
8843
4310
8773
3334
6650
5054
764
2504
5336
8560
8219
5283
8842
5564
9968
6400
9915
6191
739
4040
43
6834
2252
6596
3204
2310
3482
1121
4218
7371
8306
9311
6287
6187
3336
8540
4381
7802
9244
4848
4980
3756
4410
6853
9799
4892
3429
3932
7609
2035
8512
1839
8953
6046
1705
2418
4138
5192
9237
5073
2096
8405
4842
4213
8486
6699
5478
183
274
6811
3178
6643
2876
6415
4923
3628
7429
7070
1571
7331
9309
3088
96
7843
4853
6272
4393
2239
8088
8077
467
7894
7403
5070
1016
4521
7770
2494
292
2808
7162
5713
2693
101
8649
3264
7473
8262
5351
1332
215
6911
9940
6646
8730
5021
6276
155
6931
9633
2633
2159
15
6009
9585
3407
2948
1656
1201
9162
369
5725
4879
4127
8250
7565
9729
2927
5385
3896
5626
1195
6469
1949
8098
7925
3197
9725
2609
2224
9790
8452
1581
1506
7216
5756
8284
414
3093
3610
7379
6885
1886
634
1352
4204
1013
2729
5868
7333
6458
5204
9737
4978
6736
9895
7876
8706
8144
8765
9142
1724
7116
8221
5905
9251
3342
6621
8178
124
3779
5783
443
8595
6415
9680
837
9126
2780
7884
9530
9917
3160
6141
1606
8680
753
9536
4099
625
9557
6479
6658
2364
9159
7656
413
1025
1261
1714
4925
2287
3661
6327
122
68
3616
2252
8840
7888
2331
1562
7207
9017
6646
5800
4832
1793
6228
6640
9000
9290
7135
1577
3069
2273
9989
604
2660
7748
9272
1880
2822
5654
1988
7522
8113
3822
4538
1908
5662
2173
4783
6733
6675
7822
7106
8749
7676
1207
676
3557
7545
2685
915
3738
5622
8728
9336
2231
2889
8511
9485
8764
5578
4097
7635
5506
495
2086
3130
8497
2588
4761
5948
8117
5348
601
2513
664
6848
5537
2294
4277
5509
187
9622
7510
5406
1875
537
7657
6594
6453
8134
1180
3022
1090
5755
5081
5049
4173
3980
5419
263
7120
9062
7474
5070
3837
4870
6016
639
2839
3104
3422
94
2350
4184
6580
9579
9513
1802
3690
6861
4164
8649
2312
4098
2194
8033
4754
5491
1007
3014
3210
9939
6930
1053
6014
4869
8751
7954
8496
3834
4140
9720
3447
8098
9230
7467
1319
5253
4214
3126
3669
2998
8077
8367
7434
519
1058
6176
1797
2695
3371
4329
947
2177
4466
5309
9603
2063
7106
93
2401
6488
3537
1429
5988
4510
3541
5563
2010
2457
6898
6886
6661
9763
7995
524
5766
5271
1370
7610
1823
7992
5037
7790
1958
4801
6071
3009
1963
7846
868
5136
3435
5253
1888
2362
4693
4432
3545
4518
412
7600
5732
1031
1841
5691
6976
6043
2386
486
7515
4985
3690
8364
3881
3917
9
4432
8918
3802
6151
8825
4813
7757
2360
8329
2563
2079
5202
8732
9546
1088
1129
7466
6790
3887
3441
1040
914
5953
8836
8041
9990
1251
3889
9502
2878
2348
1178
9036
1041
5453
7693
7719
8271
1282
9393
4603
9401
5266
6618
1905
525
1546
7832
5964
5201
2171
3345
4874
4476
9970
811
232
9817
4472
6617
5552
7799
6561
6177
8859
9912
1510
9172
6911
2699
318
5465
3210
6660
1313
8379
4255
9917
2593
4061
6508
7181
6209
7075
5314
1796
557
143
5630
8968
1263
4674
2908
5290
8926
9828
2564
4591
6105
3928
1643
2132
5317
6122
9600
6252
5105
9169
9927
905
9352
1869
6922
9380
4461
2798
2907
1237
3597
1054
7919
7247
7801
8216
6140
8536
1803
2863
591
2846
4934
573
3652
5566
4142
3011
9410
2824
2452
690
1585
396
1150
928
419
9323
6536
7768
9639
7720
548
8471
8339
7705
837
8404
4335
1472
8654
1920
7152
5773
6976
4190
1971
2267
4285
1433
9943
7772
7187
2884
2615
5395
6831
1086
7756
1026
471
5777
2596
8593
6938
4154
1438
3850
5831
5440
5584
8287
8908
8456
2944
6331
2319
8287
651
5671
7007
9823
7327
6521
8934
8932
8486
2686
369
4747
5636
4865
7388
9237
232
5195
2753
2406
122
5744
7788
9214
6479
5605
8062
7561
2933
3254
562
5020
8340
9475
876
4265
141
3438
1518
9058
5589
9427
7880
9893
3028
3421
2479
9538
4567
5176
5133
836
560
9636
2094
3510
5360
2691
153
4240
1134
2594
6324
1919
3360
282
8158
4360
2087
511
5531
5139
8
2244
7162
9487
2728
1511
7414
1265
7582
774
9637
4948
381
7303
4048
7273
917
6285
391
9221
8351
4643
8185
528
5090
108
4958
4638
8300
7386
6480
4070
2836
8058
5780
3315
1930
4434
9739
3857
6723
1623
9439
6249
364
9159
5510
7367
9571
8210
5591
342
3388
473
9068
4118
2404
1572
1286
3136
6510
4455
4624
4855
2203
3543
3810
3514
1444
8328
3298
7760
4973
1624
1888
2404
249
1862
9482
9493
584
7462
6238
1306
2916
2638
9845
7408
448
1560
5808
9321
4568
6033
4786
8500
8637
5196
8717
8297
9648
7842
5433
9969
271
5257
2945
4987
635
7659
1539
1011
1464
3925
3755
6064
1602
2278
9181
1595
164
7536
1400
856
3601
7571
2796
559
2647
8108
2225
8183
680
8068
8688
1354
1725
7112
528
8757
9874
1185
3830
6671
3257
9413
2772
9696
2596
849
4284
544
8037
1178
1318
1705
1976
3985
4610
4884
8360
666
1418
4679
6628
5458
394
9802
4795
3833
3593
7012
242
4379
1509
4001
3122
8070
5734
1549
7483
3003
959
5710
2290
3247
808
470
2524
9218
9468
1895
3386
96
1876
7177
8337
9652
9574
9604
8825
200
9226
4349
7854
4127
7221
3979
7658
624
4747
4296
4093
2544
3037
7313
979
4630
3046
3962
3092
8836
2602
1306
1693
2412
3994
9752
547
7938
6599
975
8711
1260
1500
7657
6502
5032
2740
9895
1971
3945
2243
8353
3317
2704
7644
3402
5852
8823
2689
7965
8073
2003
425
3954
4606
4434
1251
3608
9225
9057
3140
9065
8571
4945
7799
9125
3950
231
3348
5112
2540
5034
7510
9675
8538
6665
2367
5772
9658
4743
7188
3266
1077
2714
3510
5307
6491
4430
5530
9119
2571
3607
9215
9191
250
9235
4184
8550
413
7516
9916
3199
507
5169
8712
8368
2730
1180
9829
901
8707
4243
9902
1644
7079
5379
4271
1873
5687
1562
8579
9364
7550
7703
9115
7495
1347
566
8687
3476
2274
403
4440
1149
3565
3905
3632
3109
4797
9637
5003
5990
8035
8299
6796
6020
2946
6940
2915
8787
5517
4361
7062
3456
5015
9441
9236
508
4992
99
7625
6719
4119
7668
6080
7658
4788
6461
8397
8577
5793
7736
9889
7952
311
1022
5065
8274
8153
3494
955
9525
7874
7485
3720
1073
5597
4629
4458
624
6288
5082
962
4905
4584
7866
2904
5903
15
8725
5816
471
4224
1832
1875
6311
5388
6336
844
3432
5020
3633
5880
1877
3218
7943
3759
4089
6578
3341
9290
8542
394
6296
9483
9648
2164
6117
6410
1872
5475
6131
4768
9945
3786
4105
9681
6973
8812
3982
7584
2934
6715
2949
495
2716
7622
1404
4678
2303
8694
8221
8614
5032
9313
4331
9176
63
4899
4924
3046
3821
1459
5180
5347
3735
5780
6865
2168
7439
5687
1136
5702
9535
419
7651
4090
3626
2909
1156
4920
1027
4802
2816
2036
4651
9475
8180
4480
9419
4626
7511
3017
4322
4550
5051
2382
7662
8623
6182
1381
8283
6466
6641
2164
8404
6893
2371
3030
4442
1814
264
8183
1060
3110
7179
5092
5128
3527
2750
5432
9458
6413
806
5106
3541
8722
4805
9913
6016
8653
2515
7109
2174
2467
9903
6874
6583
1390
8054
6800
6427
1088
106
7257
3282
8385
3604
7549
988
4059
2868
4077
8876
1206
2218
2469
9192
8501
7761
8111
861
7420
7211
5677
548
2052
8725
1513
3110
5251
334
1148
4657
8258
8446
2491
3023
8582
4105
2012
3514
8189
1053
72
7418
1925
9839
2568
505
147
6964
7227
4673
4497
9933
8457
8602
894
1470
5473
8835
7763
9564
8082
9207
8158
673
6066
9532
7690
1113
1232
9986
5473
4319
7293
5333
889
7720
2475
1266
5195
31
2845
6560
9700
7756
2013
6237
1616
2329
2211
7817
7428
3993
5824
5851
5586
3709
521
9562
9382
8267
2258
1948
9863
3635
253
4353
7670
7577
5682
1008
6418
3978
9438
1215
9537
2174
520
1168
3205
4991
1659
2286
152
1562
6265
553
2682
950
1929
1059
9723
9333
3489
4608
6290
7231
3938
4509
3702
5209
8313
5540
2713
5532
763
509
8694
9231
9184
9273
7433
8164
9916
2467
9491
5248
4344
8653
2282
6041
7439
13
8872
9394
5751
7596
365
5234
2779
6372
4419
7055
6971
2424
9578
5936
9150
1990
2444
4396
7851
4086
1148
492
895
2149
1631
7354
2448
4134
6152
9587
7811
2127
5861
3222
4577
2662
3627
6667
5769
9615
1066
9955
9743
6101
4052
4387
7706
9343
689
8989
8459
4814
3740
9373
6440
61
6965
7750
8547
1764
8683
6094
2358
943
3788
8729
6291
2051
9089
3234
2978
7951
2420
3085
3887
5048
6236
2261
1374
1121
4840
678
5068
2796
3725
787
3876
2370
310
775
7018
3067
3193
4997
5113
1349
5365
1541
7004
9551
5800
6480
3142
3883
9889
7727
339
9385
2465
2807
9224
1329
2653
2118
9733
59
8601
4104
8085
3338
4194
9937
5150
7357
7167
9122
4749
5316
3392
1589
9912
5707
501
5631
8646
462
1237
1326
6593
2393
3262
1925
721
1317
2057
9348
9688
2803
630
9038
5913
6240
5905
2228
6440
948
9329
5274
359
3749
1776
7180
5991
4696
1570
5765
3684
3484
6806
878
1897
5483
4091
6123
4855
9772
3397
786
1847
5868
6842
1927
584
7070
7913
2141
6322
4026
5420
1928
7953
3848
6022
1859
5008
4386
362
7621
6532
481
9624
4338
3181
8743
534
8256
6905
8335
848
1537
5978
6278
1450
2926
9753
2253
7982
5348
948
4305
8086
7559
7606
3622
3040
388
6838
954
7320
2549
1961
4515
8804
6376
9170
2449
7048
8053
9670
4050
336
962
7632
5893
4515
8509
3027
9192
3264
4892
4190
6094
4457
586
8471
6528
6297
3593
4550
1329
8062
9795
1857
9763
9294
4223
1087
9449
8257
4466
3483
834
3570
8730
8021
6962
4759
4173
6557
1120
6493
8049
6314
6350
126
84
1340
6014
240
211
8658
7120
5707
5507
7926
8496
7880
7604
3523
3108
5655
2307
911
9442
1896
1716
1048
276
9736
2346
4868
5357
5410
5341
7324
7584
1185
5148
3759
1288
4763
9029
6700
540
3189
6371
2020
4019
1972
3448
482
2209
9679
8830
4529
5942
6010
5401
7901
4619
6632
1426
3084
4899
362
3437
9013
2352
3161
6748
370
7961
6316
7538
5330
2428
5464
2635
5821
7712
8480
2725
1595
6987
7779
6259
6141
6532
7755
760
3383
6152
7424
3315
2862
9666
3120
145
6523
6080
5243
6071
9715
9683
9009
6239
6436
5808
2309
4926
9923
7507
9875
7714
3408
2537
2414
9965
5936
7847
2056
1237
447
1567
6836
7433
519
502
6215
7150
8921
8299
8827
8050
7693
9664
440
9666
3762
8261
2918
5258
812
9891
54
3833
9626
4109
2440
5934
4469
1790
4038
9846
5748
296
5903
8071
1388
8332
9230
225
4596
65
102
1790
1458
2274
8734
6533
5729
7517
2997
9240
9505
9494
6994
1583
7456
2729
1504
7417
6482
2357
5770
9902
1744
4512
2736
5739
8404
9283
8572
50
3764
9750
6313
9634
5045
6798
2383
273
8371
6532
1055
951
6953
3590
5125
2058
3707
3164
8167
302
6735
2800
5390
1923
127
8273
8576
9674
7096
3519
4918
4235
9506
9072
4997
8210
6240
2760
8004
3713
9813
8482
4732
2516
6186
4515
5869
5946
9819
5494
8159
1482
7612
4106
2611
264
9889
5882
3609
7706
650
1372
1338
9389
4620
4833
143
9267
2447
3323
2164
4120
3052
4760
3388
6752
4789
45
6152
1849
728
5529
5297
7110
358
1800
8993
8540
9333
1758
8328
152
6008
9048
2119
9922
2442
9432
5462
6410
7064
9474
9015
2250
5352
3723
6486
6551
8978
1232
9102
5942
2993
501
2839
5923
2347
5328
5940
6605
6610
9547
4489
5698
9567
9489
4217
2970
9086
8482
6896
6290
5940
4433
8495
1991
7214
4422
3085
4556
151
8187
6522
3027
7919
3787
2744
7469
4951
6504
9145
5504
8692
7988
5233
7412
5532
1392
1360
6458
7506
5584
9630
7815
1533
8205
6039
1236
1834
8024
2609
3942
7011
2168
3117
2675
9384
9795
9167
2328
1456
8161
4232
6149
7957
7999
488
9563
5798
7828
5381
2421
8578
8300
3851
3132
5613
1522
7899
3075
9731
4117
753
1069
8386
3245
9990
4342
5825
289
4421
3930
6116
8885
3432
7507
3604
7051
6729
835
9904
5468
3695
5176
7132
8780
2236
8258
7143
7903
9781
6999
373
2805
3830
6677
4879
1576
5938
949
7242
179
4324
6137
192
4293
8850
1510
7999
2691
4592
9877
2882
8739
9899
1444
7298
1341
1341
9078
8680
9904
7622
6711
3749
5052
6378
6224
9434
7927
7418
7963
7928
2028
9025
294
7777
3017
6494
5400
2180
493
3792
6185
1787
5291
2308
9051
4062
3721
8428
8494
314
3478
3013
2009
5693
3300
1265
4208
562
6238
885
9837
754
7157
3781
8314
5275
2668
1471
106
769
2134
3300
5217
6012
6423
8588
8208
6967
3868
21
1413
8573
2966
1656
1678
4652
4037
3725
4189
8077
6110
6390
5405
2894
7557
7020
4467
2784
3049
9900
1945
4624
5394
9829
318
1200
6114
3843
6689
9604
323
1895
2152
9686
128
2706
1729
4619
1546
6412
9752
8394
7094
1213
6343
3111
7761
435
4687
889
3107
7038
5495
6672
6541
2129
8650
4443
638
4701
6497
3796
4050
6432
5889
3976
3034
726
3535
2844
714
4569
792
8669
8206
4103
1100
7225
4460
7367
3317
1036
2203
1406
7508
818
1053
6257
2918
9594
8092
9743
2928
8829
6161
1555
7837
6344
122
7682
2055
2742
6738
8559
6818
5936
2580
5628
6454
5651
5696
9240
427
8571
2589
16
5870
2208
1135
4765
8474
6834
839
583
7538
7644
8147
8810
5340
1473
9531
4852
2578
5219
1646
7847
6795
2847
9663
6726
7463
7185
7693
4818
1595
6726
597
8457
1459
3257
6334
5135
4600
8960
9094
3985
76
208
1093
674
1327
8143
3175
1460
979
6359
2495
8446
2869
6328
8620
7041
5139
7171
5590
8002
8283
3899
6649
9921
2498
9284
5325
5704
4932
8197
9447
7210
2780
5416
5418
7702
1979
5870
9371
7295
1219
8125
6669
1323
9763
7281
1632
5898
1785
7476
4093
7166
9933
412
9224
2103
9685
3080
9841
6443
8023
3359
3983
2528
1242
1907
3566
2176
9036
7884
2117
8485
8353
9008
3370
2058
3059
5965
4552
6507
1653
861
6179
7725
4351
9818
1734
5487
9941
1501
4690
3613
4020
8007
7438
9958
8937
6620
7824
5996
957
4886
6880
6160
6001
4949
370
4651
2554
8151
5132
3631
663
8406
9329
4915
9359
150
3276
1301
8323
2302
556
1631
7392
169
9812
5848
2440
4216
6463
901
9286
8376
4576
1587
8891
8930
5795
6945
5924
2828
7902
3278
4011
8843
9893
370
4940
465
1865
2465
9380
7121
46
5012
4160
1490
211
5227
4006
847
5825
9287
1922
8463
1170
283
4274
2673
6882
5274
5515
5084
7263
3753
6291
386
5519
2704
1316
5600
2180
3701
2447
9828
9972
2183
2110
8088
6070
4474
5141
5952
777
5159
7870
1837
1912
2967
3829
8479
7637
9227
451
3642
8495
5055
5376
4358
5089
6239
6878
944
9262
837
6671
6341
9565
8895
7567
6725
619
9735
4802
8056
5230
4293
426
6861
4312
2809
7698
3549
426
4868
3286
7892
5745
1435
2173
9781
9544
9639
6881
4439
8773
3368
7908
3969
7991
1743
9453
8192
6326
8825
6489
5422
4321
7541
841
2831
7487
2653
1093
7430
2371
6423
4760
3414
5845
216
6064
4131
6340
3448
1558
6825
6120
6600
3269
7998
9553
1160
9759
9265
4013
6050
7002
3307
5614
7789
3024
5761
2159
4947
6591
5023
699
2765
1844
3544
3499
5023
2220
6966
5506
1038
4008
1503
7516
9722
1386
2434
6617
3294
6455
8865
1443
2939
1223
9637
6147
3901
9886
2839
9240
3449
1798
5974
2500
1725
2126
1750
2390
4073
1575
6031
3543
5888
9648
3362
504
1903
3618
7569
1681
3538
9487
4393
6528
237
3844
1536
2544
7043
2754
7042
8613
2346
1129
2420
3799
107
3800
1036
4289
6795
8558
910
8556
3283
2918
7844
3795
4260
1000
3535
8568
8109
9268
3478
6678
668
1564
2343
1793
9258
3444
1940
4215
7078
3649
5049
4857
1621
3108
9679
9305
4436
2486
4862
9067
7487
164
3331
6265
2186
6536
4183
4280
1076
7870
9787
9428
6250
7046
5612
3034
2022
8132
9377
1162
4254
4482
7523
5157
1420
843
2546
3052
9643
2250
324
3267
7269
4989
7853
794
6911
3752
9204
4918
661
8921
5553
8162
2475
8031
5257
3326
5305
1851
7914
3318
3355
5751
9412
5104
5740
106
1429
6636
1470
1812
8347
8981
6324
4498
1502
8977
2771
3889
345
9942
3701
4643
9510
6526
5456
4573
7872
9715
5094
6981
8277
8931
8393
6987
534
4631
2767
1802
8578
3609
8068
1956
7308
8209
5151
5955
4953
1964
3683
5392
5870
851
2035
4600
2926
9544
1086
1480
3165
1699
6210
1975
3138
2264
7128
5377
4662
320
1197
1297
9481
2194
8183
3453
8336
6631
3040
9200
3865
6621
4752
5260
3010
4474
4570
4876
9875
90
2707
1281
1926
873
50
6704
6072
6413
2737
3237
2484
3312
6532
2200
5246
3388
5096
2249
4233
7400
7799
3661
6648
5176
5278
1829
8528
3932
3880
6010
5139
3710
6925
9759
7815
8807
536
9040
1231
8090
552
5819
6663
3649
7665
3200
2273
1601
4290
2056
9369
3152
8820
5915
1320
8545
7024
4447
8802
250
6446
1368
719
3497
9712
4870
3696
7277
3830
6675
4180
8851
602
4541
989
1685
5606
363
3955
2031
2590
8601
9439
7327
7496
977
7258
1970
9030
3324
7682
5776
3945
9030
3591
6688
4038
2999
9815
7241
8467
9986
1187
3195
4475
7090
4636
8388
4304
3274
2345
3999
654
6104
6357
8823
7191
7398
1904
6622
7196
1198
5641
9662
5668
9970
4819
8529
4804
8908
8422
4175
814
1070
9906
5862
4508
8045
1352
3751
9914
5243
1148
4227
1581
437
1370
7906
5633
9750
7839
4543
3810
4933
3777
2706
6935
3379
2532
4021
1772
1032
5215
9241
5484
5532
6080
1045
7363
3689
3685
6139
2765
92
6053
4007
6202
6393
7541
9223
4709
1893
2552
2420
9351
8555
1357
6584
8146
7074
990
6314
1639
8021
9366
3094
2973
9649
1761
1269
9836
6885
1762
9989
7405
3854
8303
9850
9706
8670
1607
3333
2587
6312
4451
8113
1610
3838
3864
4156
7178
1862
1848
5264
1569
7782
5531
2015
8655
1146
1598
2300
6982
3738
6189
8981
8228
771
8983
3383
2020
2348
7712
2816
8357
41
3796
2499
3111
7097
1659
7941
2536
5226
8722
7873
8858
4700
2441
3628
3640
5961
8
2011
7142
8242
5727
8906
8845
9672
539
2387
1304
9076
99
1883
3248
7392
4699
988
2388
6783
8964
4643
7560
6354
2495
5982
8321
7894
6157
4647
1059
7723
1758
8837
9461
8895
5068
6660
4243
4478
7644
4760
6232
5452
4137
6032
2771
5038
7390
5165
12
4200
3455
3352
3566
9992
3021
3956
5868
8606
7696
8255
2139
6998
5818
1008
4841
6251
2092
4722
971
1871
9197
3007
8474
6947
3806
2800
490
9876
5598
1802
2584
5899
3876
4283
1896
4099
7352
5249
813
8282
3511
8431
3865
667
5514
2795
1893
7556
4341
1687
5520
7449
3322
8068
85
3595
9846
6193
9674
6607
5935
7666
273
7706
3709
3972
5523
8433
3336
8384
7032
411
2513
5493
8975
1037
2656
653
1733
2900
413
8203
415
9911
4508
9103
5321
4190
630
5883
3428
2865
1806
1789
3772
2203
928
7372
1333
6173
8179
5185
3246
1914
5044
7583
3646
5331
2388
4938
2925
600
2475
6422
9819
2470
6547
4620
4324
5994
2442
1451
1069
6320
8125
6904
9594
3632
3097
305
1089
6303
9681
7415
6618
6653
5417
2471
2164
6113
420
1268
3057
8577
813
4089
5668
9150
481
2500
6459
2569
4484
2624
3028
4841
4208
6783
4977
1787
8844
7303
620
2587
1064
1310
8810
3767
4788
2447
3340
4714
6620
6840
4775
8731
2545
5881
8311
1670
5505
9829
4152
279
4203
6090
7503
8539
463
8322
935
6687
4926
2519
1815
6178
1470
3169
4366
6056
2875
3193
9446
3753
5223
7755
1402
6993
1513
3046
5379
4600
7952
8522
9769
4568
7620
8764
6640
7141
926
2715
8477
5604
4986
8258
4595
9428
6116
6621
4957
2306
1975
673
4023
5128
6837
621
3625
1210
4122
2801
3339
4725
4934
8415
2058
8626
9216
3479
320
3466
6994
3011
273
3601
9718
5729
7750
3259
3089
2718
916
3362
9651
9394
6210
9029
3654
5127
5537
5181
5301
819
6745
155
208
9187
2301
3625
7193
4515
5108
8541
399
1272
139
2844
5889
1984
9215
2332
3886
6637
7401
4342
5254
7194
1782
4169
2501
1458
4558
2428
8355
666
3975
1585
8916
2895
7068
8110
9417
953
7793
7140
1481
9326
1343
7225
3287
8997
4075
4311
3118
4655
194
1600
2945
2802
1881
1942
7747
5849
9778
2941
9985
702
5043
3019
7205
3898
4201
1375
5738
4988
3024
102
9913
5733
7486
5791
5336
3896
2873
2904
1403
7820
1707
7757
7204
4400
1401
8585
8348
6888
8362
2702
6402
7749
3073
3144
7635
1464
4343
5110
1445
8092
7821
5161
5877
1978
8628
7671
2801
3878
4740
7624
7142
4825
381
6636
5694
4259
9639
9023
8454
4245
9983
7123
9656
7672
1582
901
1231
8911
4137
7099
1976
9479
734
5344
13
3565
5761
7330
6400
4359
5234
1329
5406
241
6850
6099
8800
7471
4907
4743
3346
3246
941
1829
5378
8030
112
1549
4724
7697
4132
3457
9969
3625
9707
3572
7351
8928
2966
8749
469
5947
1600
7022
5982
6022
7184
7817
5750
6000
1104
2124
5806
3697
3771
2587
6633
1840
5823
8388
4849
8400
4293
7769
880
4634
3888
4223
770
1955
3270
7614
4234
8320
7007
7968
8939
6497
3652
3419
8972
1473
981
5375
7439
9217
3681
6463
441
5547
8551
6260
983
7975
5653
6708
4228
8240
8326
1589
7157
9462
2610
9674
3526
770
3083
371
8480
1032
6302
8117
9814
3877
192
6304
3771
4227
8712
6287
4994
8926
9776
6186
3904
4034
3545
1260
8904
3423
6892
613
737
821
1731
3465
2505
231
2886
8483
2129
8667
8588
9288
7096
2132
5614
1356
8110
2803
8742
2781
7406
3454
2931
7094
7335
692
724
9856
3394
6612
426
176
5503
1921
5534
6802
3412
1533
6036
707
5553
8045
2939
6697
7981
3259
9314
6997
4750
8551
3771
522
3271
8299
9925
5809
2976
3117
5437
5794
2993
9807
2405
6546
9286
302
2867
4000
9760
810
8793
7230
7417
1560
1788
8277
4465
5485
9547
6304
6402
7290
6930
129
1493
3789
5021
4369
8161
289
8013
419
2460
3775
815
736
1023
2179
1900
6453
3033
5452
5165
7540
2714
8233
5703
4802
5907
2999
7629
2371
6868
9188
7950
2887
8014
6358
8601
7567
6280
4282
7326
450
8573
1283
1299
6540
6214
8158
6168
1980
6806
80
2006
4646
9526
4198
4896
2045
6845
104
2840
4746
1785
4917
3698
7146
1807
430
7336
4804
4131
2108
8761
1496
8793
9639
7296
1683
4241
4790
5598
897
850
456
9966
9107
9360
2511
7945
6820
8895
8757
3228
7425
2487
58
628
2722
7466
4262
7711
3108
6189
3291
2822
8690
6192
3509
9761
4924
1763
33
6416
5776
7129
8067
3535
9821
4748
6266
4115
2893
1668
5766
6234
2180
2288
8930
3272
3387
5577
2545
5881
4333
3056
6867
6456
524
1507
1293
4978
5162
4125
8532
1240
1080
5887
9662
4218
1691
76
2772
879
1024
3148
93
4994
7861
9073
99
5930
1457
5955
8883
6365
3866
7359
9233
410
5064
9450
8681
4629
7256
2773
1929
5440
2781
5259
2234
6392
8628
4964
8776
8121
9298
3204
5084
9907
3891
1192
5579
4492
8755
4535
6709
69
5153
3176
5848
8228
6967
667
6413
6408
4811
9880
1656
8750
1325
3053
9791
2698
7291
6498
8710
1191
5685
7832
5788
7618
4621
5558
1743
7831
3153
5700
2856
9877
5493
9905
141
2945
2698
4463
3502
311
4721
2857
4882
6046
932
1785
2277
8357
1079
9605
7408
2039
6212
224
6906
9912
2109
9927
9119
4366
1221
3728
7447
7354
3221
9317
4883
4147
3160
5944
113
1997
7336
3214
161
6822
9655
41
2752
1768
3743
9168
2479
7000
369
5118
9089
1546
1670
89
2975
7296
2134
9201
9444
8014
4102
5946
3876
7434
9961
2077
902
5985
8062
8970
8536
9734
2335
7840
194
8634
9597
5172
2902
6111
8285
247
1223
9046
4863
7642
3362
8373
7029
1758
5550
9317
9768
6170
6286
6705
8782
9866
1269
249
5572
505
6116
4424
9866
8257
9236
5836
1386
693
9903
7342
8449
4366
3874
8628
8316
8942
5112
432
1597
7270
9740
9823
9462
2008
9634
4694
7246
1231
2526
1572
7997
4589
9605
5793
8935
6883
2496
7184
2402
7588
1613
9326
6326
2953
5940
6615
9050
1916
9194
3788
8046
1496
8286
3311
9456
5807
2211
8210
8159
1497
4261
3199
4967
2749
45
5185
5688
3333
898
3524
4125
7204
451
6673
6945
3964
813
7935
8514
7470
1073
3814
5710
3570
1374
3583
4048
761
7893
3188
4200
8330
3529
1561
9192
4213
6814
1224
93
3739
4473
7238
3063
9689
6935
1888
224
4166
2050
5785
7203
5788
5170
6459
9567
8608
4734
1681
8029
7328
2064
4159
927
2149
2094
5887
7241
2089
7815
3918
1877
355
1893
6808
5411
231
4999
1848
9468
1217
1726
2630
4357
3632
4692
9310
7690
1468
5248
9544
6847
2004
927
7152
2661
4774
4592
5028
4476
3457
756
7130
5383
4652
5945
4641
7032
6927
8505
8128
3456
1429
3392
8856
9939
2579
2321
8086
9572
4506
9570
2277
4497
6118
82
880
1290
7611
951
996
9345
7402
1114
6593
6225
8527
4170
5123
1763
6292
4410
7691
2917
1666
7249
2465
9017
4481
980
8609
1993
4935
7565
9798
8428
7528
8759
977
7303
6952
7803
6482
5440
4375
5026
1949
6691
3283
8072
6864
3179
1718
9941
9857
7320
9943
1900
6586
2602
9379
7549
9823
3483
5964
4390
2749
4476
8043
7761
9830
8618
6273
4802
1447
4374
7168
7414
3530
2369
6366
9675
6886
8629
1658
8544
750
9613
1618
8979
3782
7259
9063
3089
8578
3067
5531
3046
5955
111
8183
8022
3311
7550
9941
8043
119
3439
2276
3326
1662
1132
8225
8158
7243
4907
7897
2492
8411
6303
3049
3629
656
8324
8343
4292
9110
8324
7312
7721
7536
8129
3022
9883
1858
4891
1358
8394
3340
9440
9832
3841
4997
7501
9376
4478
2721
3152
1826
5585
4519
4800
923
6609
1560
813
1598
4408
5321
4327
9918
4750
5970
8930
4905
5978
5543
5314
1970
6173
2806
6825
654
1154
3581
695
4310
7268
5926
7049
7212
736
1615
19
9696
2551
4656
8484
3027
4155
5926
5616
1071
8074
7095
4976
2292
9149
316
3556
4261
2914
6234
9517
3129
9637
4742
2088
7563
772
9996
3450
5377
2780
5649
8139
5825
3017
5096
4366
8166
7425
6683
8746
911
847
4805
7325
8173
5758
2662
2184
4920
1788
5754
9299
7408
7143
4313
9128
5311
9938
8367
5331
2494
1749
1980
6215
1640
3187
195
8341
771
4152
9968
7352
6485
1938
9175
6132
7544
2504
4939
1054
3203
1575
8742
5671
591
7522
1566
4448
4020
2582
206
8754
1679
1381
7885
3644
2790
1136
9030
5965
8961
8073
7207
3558
2916
1737
1270
7482
3256
5788
626
3403
5623
2566
2646
1772
1349
717
4624
3319
8835
4865
2837
9363
2042
3791
4246
1586
2495
2136
8367
4733
1891
4090
8428
2142
7221
6033
7757
2148
2231
308
6682
5273
4728
5593
5259
6392
3988
5564
4498
7695
22
7127
7761
317
8054
1137
2505
2773
4632
5273
6893
4969
3220
4463
9066
1203
4178
1112
3150
1319
7314
6415
3743
1687
9834
7918
7536
965
1745
1142
9709
7762
7575
3125
75
7532
5784
5095
8048
9514
458
9747
3145
4819
9857
6697
5659
3600
5965
6196
9711
7267
9241
7770
1099
7675
6504
7217
4954
9498
5837
6822
7322
884
8538
8189
7265
6495
356
6206
6366
1
2905
3107
5134
6040
9420
7393
2266
1521
6247
341
3255
9139
3912
5606
4836
8209
5254
8159
8745
4005
5745
2865
6689
7726
9118
977
2172
3084
5228
9072
6442
8204
4929
2901
7937
3408
7491
6135
1306
637
6936
494
353
1655
1760
7581
7510
15
7162
638
9922
7304
5691
4999
829
5575
7090
2949
1331
5573
2084
1839
3635
5570
6816
8377
2783
8532
9141
7468
2814
6399
1951
684
7186
3950
3872
4201
6454
6163
8386
2534
2412
283
5437
1943
5225
4304
1582
8751
4301
9902
9509
1018
8704
1496
225
1533
3701
5854
8464
5552
6932
7808
6246
3935
5124
4033
8288
7519
6096
4123
2683
1566
4876
3890
2330
1774
5534
6987
8755
4299
8697
9201
580
3045
6636
524
751
4938
3389
3537
4635
5091
4166
2645
2481
2037
3600
9647
8954
7794
1938
9416
1346
7136
5014
4933
61
8954
5763
3396
7345
9075
8092
7348
3925
1724
2937
5569
9709
9601
1156
9062
4295
196
2191
8055
3600
8978
5030
8558
7531
1871
4098
4997
1291
5668
5327
1224
9238
3902
4907
1330
8334
6589
7602
9584
9721
8381
7314
3626
6677
4465
8668
8580
985
6436
3576
9980
65
7508
9016
3224
3321
6076
5723
6294
7161
1886
8647
1603
3140
1670
1390
5804
4889
105
3034
1414
9193
2198
5064
1110
7501
5882
3636
757
6233
2322
9442
2811
8534
3737
8783
4987
2424
843
8884
2602
9864
6426
5189
6608
6256
1527
8509
6236
4000
3748
4163
5997
9512
9801
2491
6402
2753
5251
6119
2717
6861
6707
8872
4539
144
943
5202
5916
7254
1799
3108
452
2724
4899
9131
6327
3625
8100
7601
7082
697
7909
2075
6733
601
475
2515
3699
2557
8067
9076
6181
6940
2392
5108
5263
4697
8225
4492
4486
951
4783
6885
8220
7992
4696
8005
8440
3211
4950
150
2492
9767
9401
5809
7243
8768
6757
7247
6228
4293
5833
8710
3811
8729
1093
4049
3907
9870
9207
6354
9664
8724
5941
195
3464
1066
3070
1459
1263
3434
3181
8326
4093
6299
5682
8504
6041
558
2383
5190
3034
6456
1207
1843
7028
336
7155
8628
8841
4065
6692
4658
3404
8743
2666
3498
3517
6626
38
9563
4176
3186
8333
5513
9699
9370
4645
2616
6223
4136
5497
6327
5405
2441
4340
9252
7801
8991
134
6193
3844
8485
5516
6147
8066
7609
8893
3818
3557
6038
5205
3766
9283
5935
3717
388
6594
848
7929
2330
7912
4469
1299
5698
909
3332
1845
3256
3853
7213
8758
1417
7325
7526
7805
1243
4253
1515
9690
111
1005
5766
2851
6602
99
9192
7191
1177
1451
4778
1748
6714
7411
6689
3065
3504
96
7299
2267
1026
4210
7238
235
6229
5857
8313
7212
9739
8018
729
1557
6948
3691
5000
8532
779
2589
8216
9224
9899
3513
1795
7599
5044
6518
334
2902
9336
2739
2322
171
5214
3211
8826
5922
3767
9697
9156
2829
841
8332
3786
6925
690
1382
7660
9945
3807
7801
9187
9307
8422
9077
6670
3279
1281
6448
5089
464
2295
3148
2239
8639
9386
9850
474
1504
71
7137
4706
8777
7691
4600
8736
2038
668
5949
1100
7801
6695
444
79
3734
4826
982
4512
2704
1871
167
9663
5561
8411
6754
6849
2778
8300
2311
8778
5690
1365
5355
4374
658
846
8222
6283
1506
85
7598
6276
7848
4021
6177
5427
7508
5660
8236
1716
1887
9452
8931
7318
8390
4379
4807
3256
4987
1339
8617
1723
3170
9151
5739
9602
3914
1794
9079
5162
1711
8937
4205
5992
9836
7597
4906
508
1784
5002
7673
436
9074
8413
4107
2328
9147
8832
5223
6034
5075
2059
6603
4495
6726
5783
8954
6459
516
902
7436
8911
219
3949
210
5812
6057
9310
4494
6320
4808
5605
8021
5814
6468
135
1633
546
5537
5809
5508
92
8474
1355
2065
9537
2419
9253
9992
4059
5561
4287
1855
5763
8145
4325
3360
1859
1255
3723
9520
6779
3216
4532
1718
9095
4824
2450
2256
535
981
9327
6209
6491
6906
2079
7969
2937
5824
6577
2947
9996
5544
3676
2572
9618
3344
7537
360
7746
804
6951
9309
6748
6141
3038
6031
9594
4650
5484
5785
2633
6365
7471
2551
7394
3506
415
168
2391
3511
6111
1353
5357
9012
5990
3093
9010
8175
4495
8836
3866
4736
8561
829
3030
1846
7614
8985
2103
7949
7314
1983
8778
4770
8139
1973
9092
7189
556
126
1310
6382
3906
4668
8823
2479
1438
5182
9891
3261
1051
9045
6053
26
3223
3642
1916
2929
4549
3797
1310
3854
880
6984
5631
9428
3460
2330
329
4043
3430
109
7676
664
1
8500
6204
1913
2777
2078
3020
7435
6030
1933
5725
4328
324
4582
5141
4527
2853
8393
2839
4546
8066
4122
4540
9272
8172
8921
9003
5881
5260
5159
2737
342
9108
9279
9584
3498
2883
5006
2413
8990
5890
5036
4871
4657
7518
7438
9598
2370
6312
2205
8655
2113
6954
785
8490
2384
8470
2624
1228
6617
1786
3104
9890
2500
8972
6093
1450
7690
4024
393
3840
2508
3754
9905
6079
352
8846
4905
4906
1682
3551
7198
4690
7358
3765
9617
7838
7727
2177
3754
7313
7223
6454
6103
5013
1597
7434
7821
1677
1640
3363
6234
5374
1869
2598
2759
8990
9508
275
4158
4032
5352
7742
4582
8758
5873
3203
7319
9276
3663
9924
6846
6632
1693
107
8187
3056
5787
6162
9302
8994
5368
206
1331
6558
7621
1096
7626
7492
8603
3712
7813
727
9399
8714
6370
1401
3943
1605
7979
5701
9841
7870
3564
2579
7753
1028
2487
6961
5648
9857
2312
3288
6114
6933
7018
3277
2037
6950
9303
3252
8697
4303
3687
6227
539
7705
8991
8746
5059
5810
6940
5801
8519
4412
7987
7312
5752
5388
7069
4044
6180
8883
2776
7588
332
5476
9506
1507
5929
9772
6009
6774
2343
2172
3490
2335
8388
3033
5758
6265
1985
2121
4669
8494
863
5028
2757
2114
4517
9255
2952
4436
5366
8465
7167
4052
485
4215
9399
9013
3427
9934
1394
4959
6070
2306
5202
5393
2626
830
1849
9512
1100
3241
4836
7754
6828
2297
8869
6551
1025
416
1424
1395
7605
8521
6389
3078
1130
8073
720
9146
5451
165
6680
4411
4963
2681
6796
9988
8622
9609
6255
5188
995
5789
846
5581
5475
9272
7812
4253
894
6115
1393
7674
6868
8221
3533
6271
8917
6869
1334
5915
3863
5217
480
8053
2927
8542
5865
2236
9682
7504
2731
4910
937
3761
9279
7711
9564
6493
3809
9747
4521
6363
8773
6866
7464
9948
4117
4526
9226
1001
7604
5188
2738
3526
4405
3184
2078
2717
9895
8321
4012
7410
3988
2689
4130
3950
5964
8211
3705
1266
8255
7986
9768
9240
4143
1187
162
5480
7491
3280
6008
9432
3838
4713
4416
4812
59
3797
5339
6981
3593
6163
9080
1309
2114
7851
5702
3423
8735
8573
8473
5944
4579
4333
4911
987
5770
6189
9507
8371
9809
379
9152
8779
4809
5324
2134
7571
9859
8028
9856
6725
3230
2480
3444
7379
9211
3492
3898
4943
5370
2231
3728
8107
381
9839
5761
4320
4010
3582
8341
5017
4637
8105
9918
3417
7769
8606
5734
1728
7987
115
750
7798
3479
1866
1532
215
811
3813
5117
1021
2499
2514
3449
6607
6221
6542
1868
5581
1180
3861
638
7294
7736
7817
2151
9368
7650
7778
4088
296
497
6178
2126
580
3387
7512
5001
9494
8160
9137
7814
6268
5487
1554
6612
7479
620
8914
9590
3547
6532
7481
7058
8134
7990
3921
6947
9120
770
3724
6061
8970
6764
7120
9812
4398
5046
5366
8399
7111
7541
6556
3587
9108
3589
5469
2843
6460
4012
8983
2456
1174
9866
7996
7427
3331
3576
4515
9242
1646
892
8874
9874
8323
6104
7134
4201
9381
809
5353
9056
3861
4036
9016
6602
8490
9883
4757
4077
8978
9020
5699
5811
6997
1619
1620
4179
1435
1623
3481
9092
8364
405
3032
7672
5556
5961
4183
9499
2003
8496
2272
1499
1100
9499
1356
5297
7532
6459
3886
408
4419
6221
2534
7219
4996
8584
7611
2371
6508
7596
8264
1565
1464
8906
3992
8662
4974
7214
4293
9573
5179
3980
3654
7600
2095
5747
1681
2310
2925
5028
3739
1177
5597
7673
4627
2551
713
9212
8939
2503
2271
7082
2669
233
1108
6419
8449
9242
9646
4278
7191
2778
4768
8067
7920
1345
2724
8792
4250
7609
5754
9588
5527
9761
6954
8893
9110
7942
1749
3500
7897
1806
9910
4254
2206
6437
3592
5250
1774
9442
1730
9806
1779
4050
2314
2879
6507
3844
4212
8348
112
3019
2890
583
8010
8207
907
1511
922
4578
717
6597
934
235
439
4458
9715
7632
6377
5056
9594
7402
2518
7017
8826
9723
2561
2139
1224
9361
6579
2542
5139
5796
6561
2985
2818
3893
5839
6093
6413
2838
2162
1298
4788
2713
9524
6131
2059
3985
5785
7936
8714
7827
6077
4839
5219
1978
4962
2153
5765
2628
8747
6131
530
1830
6650
6718
1824
8660
4545
7062
4757
4485
2207
6891
3814
6570
2212
9336
5075
7424
4293
6175
7245
7740
7769
4768
1567
7248
1850
8691
6230
2195
6400
3190
8688
8126
499
2962
1853
1865
4806
5717
258
7777
1988
7224
9184
2920
6552
1001
1294
9884
8030
1926
8807
1995
9810
1782
4776
5635
6410
9078
4089
9322
6218
3022
2608
6867
5787
8933
2589
8975
4469
9857
966
4665
7686
6326
5908
6405
5376
6273
1023
7278
5537
9326
2603
1765
6076
6070
8183
3205
233
422
3211
5953
7881
2675
5587
3645
1153
7737
2968
2367
2486
5109
9104
6790
1361
5767
7745
6911
3767
4912
7153
7486
95
3912
755
8086
615
9487
5376
5253
2044
1694
8190
8353
1565
8681
1151
4100
7598
1538
7195
3686
4712
4324
8172
8453
7186
5276
1522
3690
6119
7650
6458
52
5858
8520
1423
8572
805
7494
5753
7857
4680
4316
7893
8634
7171
209
3180
9761
4902
4966
7820
5113
3337
7578
3826
7351
3419
3778
4631
7698
7935
3186
9431
5443
829
1648
3868
1015
2634
306
3891
9780
9067
9239
4222
4765
8636
9392
7160
86
6187
9276
7972
4502
6091
5723
6876
9086
5069
7353
7871
4622
4486
9896
2047
4992
8202
6930
3299
9220
104
227
7288
208
9392
5299
6961
1533
7020
6505
1319
8862
9745
7562
3291
5830
6728
9274
2236
901
5899
454
4044
4754
7601
578
5455
4934
5025
5422
8821
5300
5611
3342
2187
2840
6641
7736
4552
2615
6196
8378
7684
27
9702
5957
2937
3269
738
9316
1626
9175
15
211
8300
8500
4376
4902
8915
4832
4238
3504
4664
5054
5443
8659
9804
5212
8546
4134
5660
3997
9766
6438
345
5052
5723
8541
5565
2020
6339
3340
5581
2139
5683
9777
9744
2516
8075
4174
8489
1051
8783
1747
3189
1883
8642
1935
4555
8691
7453
5975
7058
5874
2255
9966
3111
838
5756
4239
3948
8731
1880
6752
128
2962
2956
6414
5514
9002
3078
7797
6472
7544
8478
7686
4424
7192
5767
4237
6802
3090
1088
5788
3027
7497
9740
2758
7941
5898
846
5656
5259
9037
9922
4345
1947
3687
4116
8451
5301
2257
7151
2189
5268
8804
8159
4346
5519
2803
3013
1223
7473
8419
4163
1208
3930
7382
8781
6574
2872
5584
118
9075
3567
5546
1770
360
8494
1404
2824
201
2339
1331
6639
5415
5149
5200
5227
7247
5648
2497
4166
625
7167
7665
2014
2973
395
6574
4972
4307
9380
8767
4302
8827
4551
4866
7784
2968
8631
4396
6687
7724
1168
4373
5682
6527
1174
6064
9330
9917
2854
9126
7740
8108
5472
2168
6442
9085
4569
6578
6419
7671
5719
4701
5375
6295
1307
7747
9103
3468
1132
976
2140
9039
3679
9087
5983
1760
4285
8831
8146
9938
326
1474
9104
2405
9729
2003
2259
9444
8499
7354
1231
3649
8800
5014
9967
3208
1664
4110
3885
2827
913
905
1439
9182
7896
5199
3352
349
7969
143
5280
1731
1362
3880
664
119
2636
539
762
2440
3795
3753
3583
8668
4957
9620
3902
491
1692
8641
526
5358
4174
2514
3521
3767
1265
6278
821
5332
6032
2740
3873
8858
851
8631
5143
7084
1063
7278
1684
9744
6186
1465
903
2007
573
3159
2164
9407
4130
7364
8876
2204
6207
1552
910
7315
1265
1979
7063
6214
1349
5370
9235
3423
5144
3148
87
5890
8979
5756
8719
5913
4456
7947
917
1071
4370
1123
1938
2461
3134
4898
9258
5271
9737
4127
9756
8530
3560
6595
3164
3349
5679
7222
118
4508
6995
362
2640
3314
1255
1830
5247
5600
7832
8429
9794
5899
386
66
9662
8649
3183
1930
8113
2502
9343
1596
8753
2684
5392
2015
6548
7623
7517
9075
2240
6120
6762
3773
8442
9830
6276
1936
6666
9154
9877
8424
222
1035
8767
5909
786
4824
351
2293
6364
3616
4965
1655
9971
5420
7709
8666
3517
564
4702
2506
3240
9055
7700
8700
2205
7332
6983
691
3595
3596
9293
6147
2010
3236
863
6939
243
3459
305
1085
2691
7071
4684
7361
4671
3982
1022
5734
3426
746
1474
217
4083
554
6089
9303
2105
891
679
4174
1136
3230
8246
6513
296
7521
2170
8079
1554
8767
6999
6506
769
1607
6731
5558
9814
2097
5797
9055
9310
1194
6713
4238
7636
8552
110
2382
8800
2435
9761
4956
1845
5628
8974
3850
8606
8782
4838
7204
7812
1254
2338
754
9291
5518
3597
38
9338
4559
1202
8461
713
1744
5058
7039
7896
7273
5531
4517
199
7088
1845
3130
9989
2786
9759
2925
308
7591
4510
6491
8414
4713
9742
2925
5642
4130
2966
9536
325
838
680
7467
3664
1495
8962
1353
7223
9592
7764
9363
2138
3512
6896
6634
3469
7718
7622
7658
996
5087
3537
142
7472
3484
4134
7376
7293
4615
3890
8848
9497
5610
9448
5634
9758
6008
1182
2518
5433
1098
99
8320
4448
6617
1919
1746
1150
1747
5581
4053
2152
6203
3823
8124
4941
4760
8771
3482
4003
8809
7795
3454
5609
5460
9775
6297
9964
8005
8109
1648
3320
5605
7549
8303
795
6012
2525
7882
9920
7903
7040
1577
8433
4189
4474
6793
4098
2817
4629
9094
3112
3497
9256
3226
8841
5626
7087
2446
6944
9046
1708
2085
8627
502
7086
6602
8229
1144
6282
5645
4758
9499
6677
2002
6563
4677
505
3646
6704
6302
8472
9556
9168
7367
2745
4755
9536
8553
4702
3446
3957
4998
4487
9644
1353
2757
7165
4587
461
6342
1341
6585
5026
6727
7444
1313
8961
5210
5019
4726
144
5879
871
708
2888
9876
6912
2491
7862
696
3509
8413
7600
7329
8779
1127
9481
2139
4234
6259
2281
8403
7375
3088
8860
5204
7152
7003
6837
5405
3215
9544
7986
1462
297
2579
9810
2509
362
9712
6676
3388
5734
8030
3542
3838
4466
4985
8957
3708
1704
3543
9106
4379
1671
7729
1699
2276
8340
9507
1876
9216
3876
8216
9215
4323
849
7085
2848
3438
2816
7927
3044
9438
1843
1776
1602
7726
8320
892
3027
6203
7211
7502
8409
5005
3413
2663
4384
357
4937
8960
705
8004
690
2824
3459
5055
6962
4706
7918
7413
1
7229
2105
5356
7232
7708
5299
3717
4612
5899
479
8127
2744
1999
2235
630
4050
5888
2547
3697
9811
9334
7433
7627
3996
6971
3931
5978
9688
9872
7752
8654
291
3929
8469
6815
2500
285
2272
4776
8570
2354
1579
1818
3740
8432
4916
8272
9681
904
7848
5172
5360
4877
5356
2811
1195
3620
1948
7831
2121
364
7211
5826
3525
9063
95
5114
7604
2701
9363
9015
8465
747
2107
9428
3929
174
4068
1193
9793
1774
9066
8194
7020
5852
4250
9745
9065
6152
5234
7377
5761
1897
209
6515
7527
9933
1980
4993
8911
5569
7794
8812
4790
4278
1020
8572
8325
2782
1087
8653
8439
8732
9589
1928
856
957
6715
1047
130
1612
6820
2090
7027
1645
7962
2236
4673
3468
7942
4479
6211
7914
2801
803
7413
6520
8212
779
9068
4494
3820
8430
8608
531
3739
9608
6390
9869
2009
809
4939
501
883
4559
1983
1373
4224
4144
1771
3204
4289
6083
7868
7044
8543
4007
3266
5490
5362
8102
5735
6218
7225
1599
608
9257
6899
9069
8591
7329
4902
1231
3790
6945
7653
972
8595
1782
4451
2640
8757
1409
4231
4172
4042
6622
4625
7302
8983
5048
9445
2703
9186
6185
7483
5478
3059
8295
213
8390
1504
3952
8626
6406
7607
4519
5567
2464
2550
7234
6089
4557
1887
7096
9766
9491
453
3666
7492
2054
3199
9423
3137
1703
8305
1714
1165
708
8838
6630
3039
1031
5089
205
8945
7355
1926
8361
1938
8233
8413
1131
889
1151
3012
9873
9291
8832
7501
3428
1309
1435
8632
3014
7655
5831
591
3
3265
5624
8457
2545
6020
9253
6580
4363
6431
4631
5885
9167
8192
4987
7040
749
8908
8862
9255
7611
2280
350
8849
1546
8541
318
7844
4206
3182
7407
2450
8284
7482
8127
1111
945
3856
4100
5848
9107
671
583
7776
6001
8207
2080
6511
6846
6463
612
5280
1683
4753
6605
2342
5022
7825
8530
3278
9620
7612
6203
3980
2487
3757
9027
2788
5892
3916
7208
2704
9929
124
2276
5461
201
5486
3059
5029
6674
7414
5276
863
9864
6865
1948
9165
5663
1002
2394
6916
9369
1770
6433
3241
2776
1114
4766
502
9112
1309
3412
43
8070
5014
5197
1400
3501
6338
4524
9812
6337
6683
1235
2592
6273
3276
9366
8698
4757
1405
7389
5686
2062
9949
3358
8780
8041
8046
2585
848
5376
3128
9163
5359
5012
3746
7617
8992
9418
1721
3657
9081
2492
3728
3878
373
122
8486
8930
2210
1117
1886
1445
7366
680
9923
3100
8492
6487
8774
7669
6007
4375
9707
8725
36
5419
179
8588
4069
1643
8992
7567
7963
4494
6331
148
3650
8888
3245
4800
23
3506
7493
38
951
5679
4679
1813
4179
6881
9632
621
5085
6440
1472
3271
3224
9756
3592
459
3660
8494
9328
8055
2678
5503
7323
6468
1128
2771
1376
131
2557
8037
4717
9463
9242
2331
974
5319
3892
9797
5597
9401
5057
5396
8376
2964
853
5293
7340
7182
7834
4565
4603
8756
8599
3536
4572
355
1828
4414
1340
455
7481
6383
2203
1489
2208
2109
2460
981
8775
8889
7614
2819
917
4272
6911
6507
5461
7432
4327
2169
3376
1750
3483
3922
7806
8732
5164
8490
4160
9675
9225
3103
8420
4514
7393
5661
8637
4889
3553
5470
6285
671
4968
5509
6087
7289
6860
608
7796
6644
2828
1067
9750
5999
7529
5037
1415
2767
1058
9278
3867
7112
9855
8439
5235
1779
2255
4457
2425
4213
8733
1582
8379
930
8871
5778
4304
3022
9687
7311
2235
6431
7618
7852
2814
5367
5052
1349
3291
9310
4638
3056
9489
5425
1159
7087
1113
3215
8893
9741
6489
411
8862
9313
8549
66
1841
1313
9459
4878
5538
8827
4896
7580
1085
9047
4638
3387
4127
5370
6570
7416
2027
528
9277
898
6724
812
5820
3619
8120
3448
2849
1008
2190
9142
1527
4320
1243
5494
9680
5996
998
1568
1311
7776
6301
1490
3235
7491
7822
4534
8429
1157
3750
7067
6196
7844
3787
4727
2810
7657
179
4464
7878
666
8246
7320
8537
527
7817
3995
207
7810
7498
6659
1567
7347
9379
6620
5857
5896
2643
6281
2869
6870
6891
6501
8192
783
6922
5420
4508
5709
2474
3584
2367
3235
1771
7141
8413
8208
9063
5610
7975
266
3406
8514
5704
4441
8067
5592
7934
8235
6853
1603
1293
3971
3556
9056
8534
7782
3447
7342
1990
8883
8771
8642
1542
1572
8444
8450
726
3232
1784
9442
6535
2175
5990
1680
5293
1740
5897
6127
4323
1702
3625
2429
4481
2898
7572
4284
6113
5682
5814
9254
4852
4301
6969
7976
8652
802
1439
5101
8867
2476
4585
997
7110
1827
4501
1286
644
7007
3345
5915
9284
1587
9409
8317
4413
1733
5613
3346
1592
5585
8975
3068
6522
603
8174
5167
8650
7136
1146
3794
2218
4014
4490
3829
9284
4009
3714
4853
4124
5748
9307
8081
7875
9874
7183
652
9165
6889
7468
5945
2207
7111
5446
9730
1964
5785
7215
5565
5623
448
8874
804
7753
8623
2105
8628
6002
8470
9558
8069
3839
1500
7767
8350
4559
8455
2007
7738
7080
7107
5003
5306
9036
3258
6070
7231
6912
9604
3964
7642
5990
9091
8764
647
4780
2774
2768
4191
1223
2091
2702
9175
1962
8969
1807
7677
5101
4426
1803
6805
5424
1820
1554
539
681
4312
6003
3040
3561
7794
1830
145
4970
66
1765
4918
2503
5131
8435
6608
8294
6974
6351
5295
4890
4500
5740
8467
3692
3112
7299
6450
6053
5052
7159
8078
554
4274
5604
6181
9793
7611
6269
2902
6197
1754
1832
7324
6906
5829
8809
3841
1487
1572
8884
384
2216
6023
1485
3527
7990
9628
7920
6581
4486
3988
3569
7406
6047
9002
1089
5403
8713
2334
3278
416
5580
589
8861
9001
3685
2347
9520
769
5044
4636
2321
8149
4784
457
1935
7776
1932
1216
1108
6240
364
2489
6146
6743
4439
3674
410
7455
8844
5751
6107
5008
2054
9927
7367
5714
3680
3353
5891
3648
431
1869
8784
5249
6397
2575
1847
4069
7251
9464
6350
8409
9705
700
5384
2316
9481
6140
7167
5579
5384
5353
9653
8089
9023
6983
9655
5471
6197
3972
9223
727
3122
8929
5851
659
9531
3285
9064
8147
8026
4181
3206
1507
6545
7421
8859
4849
9997
3322
8831
6510
5703
8717
4664
9810
6095
132
4168
1875
5568
5691
3206
6882
3183
7776
7731
1190
3690
4883
1133
1277
4030
7978
8549
9341
1717
389
662
7987
4091
3476
2423
8464
1462
7804
2245
5243
4965
813
1125
3896
5981
5501
5129
3188
8586
1126
7395
3264
2698
9999
2205
5472
5606
8234
8946
83
110
7158
2847
5120
9394
258
2265
7345
7116
1258
1391
6080
7698
3263
9820
1223
4642
8135
4315
1618
5918
7491
3541
4750
8267
1262
9545
5073
6378
5324
6966
4516
6501
5986
2430
1189
1057
4804
2564
2222
9372
3181
206
1386
3395
5577
5093
849
486
3666
8324
1214
745
2794
7627
7411
1993
6400
288
5080
4721
782
9666
9526
1311
4351
7010
3701
4378
3912
171
498
1740
8142
7861
4628
9711
2286
3505
2750
504
991
1553
2526
3444
1458
5303
3195
4011
5674
4641
5716
739
1769
9203
9479
7841
2093
6928
253
3392
8589
3247
6539
4882
9938
541
8999
235
433
1267
9551
227
6986
5968
3403
7526
5472
2270
7151
6366
1359
4297
1403
8958
2458
7084
8365
2119
8256
9963
3986
2660
3400
5688
1462
8926
8326
2533
8421
997
3431
757
6646
2523
731
7078
7136
4625
3801
5093
6683
6494
2350
1016
8428
7687
7644
1392
5534
5856
2419
549
2092
6729
9075
3229
2018
6806
3984
9573
8656
8201
8838
768
3588
5372
2532
7834
8681
680
1054
4606
25
6462
4837
1743
8932
1879
5263
3012
4356
4788
6549
4886
1816
6507
2311
4970
10
9152
2537
6058
8347
7208
570
5353
9751
3006
8627
6901
6589
5534
6594
4787
3167
9889
4468
6282
3638
150
5890
2227
4786
5344
2905
1003
8028
5367
3629
8291
8303
9873
3654
3209
7214
9133
171
5504
1258
9925
520
2243
387
3246
7392
359
4786
6665
9398
4673
3022
8748
6833
1386
5920
1929
8530
4397
5310
1009
9229
7024
8105
3674
1735
2688
5936
2356
5169
6521
3819
8177
6607
944
2052
1886
8542
8488
6707
6382
8074
433
2291
5086
1087
2445
4122
9070
2898
3843
3089
6417
3526
1235
5843
3209
7234
8813
6346
1712
386
4423
4214
5758
5808
304
2278
2046
1122
351
9967
3882
1596
9072
6300
4769
20
1199
7711
2495
7846
3035
7964
4168
1751
9748
5134
7121
208
3862
1253
3443
5742
8471
1612
4358
6942
3601
9408
6347
181
5502
7977
8604
1114
4818
8453
6346
2479
7989
7846
9981
8179
9168
2977
7859
6295
5503
6704
5265
593
7558
153
9144
1883
2263
6738
672
6744
3822
9734
5881
4973
1484
8324
386
7393
3139
3
3511
2544
7929
7502
5472
3592
6627
3024
7355
9602
1460
490
472
3336
1474
3925
4481
6303
2025
6663
1650
5981
2131
624
7500
8788
1981
4415
852
3635
2845
4895
2808
4306
2557
4981
8253
5137
8458
7509
7902
9036
8364
8754
7851
6722
1014
5069
9799
3051
4487
8650
4541
4310
625
6514
3869
5511
9981
1099
8090
9720
3126
7739
6608
6293
1290
9094
345
2820
5811
2367
7024
4146
5328
7169
7298
6471
9794
7600
6582
3738
3565
9994
4006
3740
681
2641
2944
5422
6937
4822
5138
7235
4478
6342
223
6546
3379
7784
9170
3987
7709
6110
9354
131
4839
5821
8248
514
7881
4574
9292
1314
7419
3063
3900
8486
4032
8115
2617
7430
6543
6572
4649
4140
9174
2758
6890
3027
6801
8747
9908
4000
8201
2299
3628
6237
9298
2155
8077
9554
6146
9956
9262
7338
7295
8881
2246
4403
7485
1050
8828
8306
2001
4921
3511
3591
7801
4343
549
1208
1736
525
3152
5001
2638
926
5894
1203
4579
2570
3467
2659
3265
7305
9103
8775
4825
1486
4138
6350
671
4130
282
5389
7607
3616
9568
8493
7966
8284
2407
7649
1347
2286
6310
2960
2142
9856
309
6623
3087
8651
1826
940
1664
7693
1662
9173
6212
9906
8143
4688
5440
6557
1496
507
581
5320
3289
1762
9411
3174
6956
8031
9552
3816
2756
3629
4986
9232
18
3641
5846
476
6949
715
6638
7496
9060
9712
6429
8917
3991
1109
7170
9389
1455
8218
6706
3990
982
5494
9349
1976
2372
8834
7424
5779
5615
7719
8627
1679
2826
1832
6779
63
3322
3242
3594
9451
8543
3804
9074
3754
1180
3833
1981
8885
8801
7832
7032
1980
1097
2796
8861
9898
3310
7930
8203
7931
3726
4092
3330
8375
7208
8771
9029
6416
4365
2496
8834
4357
7326
9227
3443
55
9424
5057
5025
7321
9253
3914
6228
8162
9293
9777
3752
126
7210
6931
951
761
9390
7652
6386
5118
741
8725
7575
8071
2792
8298
3231
2754
8930
9662
8383
5712
3763
1566
1363
9468
4706
6448
1172
2939
2630
8563
7721
1249
400
6396
2971
7170
8023
7954
5353
3166
4991
2794
4937
7595
1285
96
1222
1311
7973
6982
8511
9516
9272
3887
2475
8970
9828
8386
8403
9896
5173
633
1347
2081
1351
5694
6801
8806
4754
6981
3183
1054
4701
849
2472
3256
1615
637
1883
1036
1971
9251
2175
227
932
6617
3188
2301
3411
3879
665
5823
5540
3320
3419
5484
1823
5887
9791
5496
4353
9366
9070
1454
3786
2910
3459
9733
1833
7079
6471
6704
9117
3648
4850
156
1482
9489
6068
4076
8369
4486
2837
7857
6671
6119
3268
1313
8668
7647
5465
5598
6295
1421
8117
7529
4411
1124
6240
8911
9997
9534
5313
4233
6343
8721
9049
9097
149
8015
8795
6904
9372
5771
7529
8981
455
9974
178
6638
1859
7369
615
8534
6281
449
6410
1230
5032
9666
6564
8457
8825
8571
5670
8875
6625
6925
2984
8481
5297
3013
5499
7441
6286
9958
5369
9633
1166
6232
3449
2032
8494
8496
5979
8420
9618
1806
7766
5592
7903
3541
7858
5895
5309
5870
9507
5421
263
5399
4122
9848
6272
1107
7954
4659
2022
1942
1518
4145
5755
9923
7887
8213
8713
711
4138
3521
5795
7964
8590
4132
5384
9205
6491
2492
138
6424
7082
8084
831
4854
4420
9667
6710
71
3896
3978
2036
4581
4908
3544
6471
7967
1481
887
9425
8382
6436
2770
8980
7098
9219
1159
6236
6281
3881
7508
6061
4075
6822
2827
3708
3870
1624
5866
5167
1380
6371
8468
317
956
6431
2133
8427
2717
7142
1467
8120
7991
3589
9109
3928
7687
1159
4329
9329
5673
1620
3008
2122
2144
106
1410
5540
2830
3179
7173
9858
5808
3785
4619
30
5566
8054
5625
2107
2471
8114
8526
112
8057
4617
3098
7601
2071
4001
2710
6259
9535
3931
4771
5228
4244
9220
4730
847
5248
5229
1803
9274
754
3512
5249
2475
8534
8485
7330
3478
6867
9415
225
6518
6397
3031
6165
3273
6642
3190
4370
6494
6591
3475
4079
9059
2743
465
4904
2116
3001
8256
8491
7545
2156
2223
5526
6319
393
1292
6754
8879
9964
4104
9434
4900
3524
6235
623
8145
6068
9284
2378
920
2923
8731
1659
7075
3649
5497
1358
9822
5947
2247
2413
6161
9956
993
166
7485
1783
1896
2637
8358
6418
8757
1262
1896
5461
8046
8465
6562
6833
7598
4687
2087
1154
631
1456
7343
2836
134
480
2569
9213
3437
6826
2296
3545
8279
1971
4695
6137
882
2929
5830
8359
4625
4012
6805
6536
6820
2163
2493
9980
6428
8396
8807
1639
390
4501
2223
667
4887
7318
3177
3727
6204
673
8827
8719
